A
9x14
0,13
1,4
2,3
5,5
5,13
4,9

B
9x14
5,5
4,3
0,3
0,8
4,8
0,8
0,13
5,12
5,10

C
9x14
5,3
3,3
0,7
0,10
3,13
5,13

D
9x14
5,11
4,4
0,3
0,13
4,12

E
7x14
3,3
0,3
0,8
2,8
0,8
0,13
3,13

F
7x14
3,3
0,3
0,8
2,8
0,8
0,13

G
10x14
6,3
1,3
0,12
1,13
6,12
5,8

H
9x14
0,3
0,13
1,8
5,8
5,13
5,3

I
6x14
0,13
2,13
1,12
0,3
2,3

J
9x14
5,3
5,11
2,13
0,11
0,10

K
9x14
0,3
0,13
0,8
5,3
0,8
5,13

L
7x14
0,3
0,13
3,13

M
14x14
0,13
1,3
5,4
5,10
6,3
10,4
10,13

N
10x14
0,13
0,3
2,7
5,12
6,13
6,3

O
9x14
1,3
0,12
1,13
5,12
4,3

P
9x14
0,13
0,3
5,4
5,7
4,8

Q
10x14
6,13
5,3
1,3
0,11
1,12
5,11


R
9x14
0,13
0,3
5,4
5,7
4,11
5,13

S
9x14
5,3
1,3
0,7
1,8
5,9
5,12
0,13

T
8x14
0,3
4,3
2,3
2,13

U
9x14
0,3
0,12
1,13
5,12
5,3

V
10x14
0,3
0,10
3,13
6,10
6,3

W
14x14
0,3
0,12
1,13
5,12
5,6
5,13
10,12
10,3

X
9x14
0,3
0,4
5,13

5,3
5,4
0,13

Y
10x14
0,3
0,4

1,6
2,8
3,13
4,8
5,6

6,4
6,3

Z
9x14
0,3
5,3
5,4
1,12
0,13
5,13

!
4x14
0,3
0,8

0,13
0,13

"
9x14
0,3
0,4

5,3
5,4

#
11x14
1,3
1,13

6,3
6,13

0,5
7,5

0,11
7,11

%
9x14
0,3
0,3

6,3
4,7
1,12
0,13

6,13
6,13

'
4x14
0,3
0,4

(
6x14
2,3
0,6
0,11
2,13

)
6x14
0,3
2,6
2,11
0,13

*
9x14
0,3
5,8

5,3
0,8

+
10x14
3,5
3,11

0,8
6,8

,
5x14
1,12
0,13

-
8x14
0,8
4,8

.
4x14
0,13
0,13

/
10x14
6,3
4,7
1,12
0,13

0
9x14
4,3
1,3

0,5
0,11

1,13
4,13

5,11
5,5

1
8x14
0,5
2,3
2,13
0,13
4,13

2
10x14
0,5
2,3
5,4
6,7
0,13
6,13

3
8x14
0,3
4,4
4,12
0,13

1,8
1,8

4
9x14
0,3
0,6
1,7
5,7
5,3
5,13

5
9x14
5,3
0,3
0,7
1,8
4,9
5,11
3,13
0,13

6
9x14
5,3
1,3
0,12
1,13
5,12
4,8

7
10x14
0,3
6,3
6,4
0,13

8
9x14
0,6
1,3
5,4
5,6

4,8
1,8

0,11
0,12
1,13
5,12
5,11

9
9x14
0,13
5,12
4,3
1,3
0,7
1,8

:
4x14
0,5
0,5

0,11
0,11

;
5x14
1,5
1,5

1,11
0,12

<
8x14
4,4
0,8
4,12

=
8x14
0,6
4,6

0,11
4,11

>
8x14
0,4
4,8
0,12

?
9x14
0,4
1,3
5,4
5,5

4,8
4,8

4,13
4,13

@
10x14
5,8
6,7
5,3
1,3
0,12
1,13
6,13

[
6x14
2,3
0,3
0,13
2,13

\
10x14
0,3
2,7
5,12
6,13

]
6x14
0,3
2,3
2,13
0,13

^
10x14
0,6
3,3
6,6

_
8x14
0,13
4,13

`
5x14
0,3
1,4

{
7x14
3,3
1,6
1,7
0,8
1,11
3,13

|
4x14
0,3
0,13

}
7x14
0,3
2,6
2,8
3,8
2,11
0,13

